80,0.484143
23,0.221265
443,0.208669
21,0.197667
22,0.182286
25,0.131314
3389,0.083904
110,0.077142
445,0.056944
139,0.050809
143,0.050420
53,0.048463
135,0.047798
3306,0.045390
8080,0.042052
1723,0.032468
111,0.030034
995,0.029921
993,0.027199
5900,0.023560
1025,0.022406
587,0.019721
8888,0.016522
199,0.015945
1720,0.014277
465,0.013888
548,0.012395
113,0.012370
81,0.012056
6001,0.011730
10000,0.011692
514,0.011078
5060,0.010613
179,0.010538
1026,0.010237
2000,0.010112
8443,0.009986
8000,0.009710
32768,0.009199
554,0.008104
26,0.007991
1433,0.007929
49152,0.007907
2001,0.007339
515,0.007214
8008,0.006843
49154,0.006767
1027,0.006724
5666,0.006614
646,0.006549
5000,0.006423
5631,0.006248
631,0.006160
49153,0.006158
8081,0.006147
2049,0.006110
88,0.006072
79,0.006022
5800,0.005947
106,0.005934
2121,0.005834
1110,0.005809
49155,0.005702
6000,0.005683
513,0.005595
990,0.005570
5357,0.005474
427,0.005382
49156,0.005322
543,0.005282
544,0.005269
5101,0.005156
144,0.004981
7,0.004855
389,0.004717
8009,0.004642
3128,0.004516
444,0.004466
9999,0.004441
5009,0.004416
7070,0.004328
5190,0.004190
3000,0.004115
5432,0.004090
1900,0.003977
3986,0.003977
13,0.003927
1029,0.003801
9,0.003764
5051,0.003649
6646,0.003649
49157,0.003573
1028,0.003421
873,0.003400
1755,0.003350
2717,0.003345
4899,0.003337
9100,0.003287
119,0.003262
37,0.003161
1000,0.003149
3001,0.003124
5001,0.003023
82,0.002923
10010,0.002889
1030,0.002860
9090,0.002747
2107,0.002737
1024,0.002722
2103,0.002661
6004,0.002597
1801,0.002585
5050,0.002584
19,0.002559
8031,0.002509
1041,0.002433
255,0.002409
1056,0.002357
1049,0.002357
1065,0.002357
2967,0.002357
1048,0.002357
1053,0.002357
1064,0.002357
1054,0.002357
3703,0.002357
17,0.002346
808,0.002296
3689,0.002283
1031,0.002221
1044,0.002205
1071,0.002205
5901,0.002145
100,0.002133
9102,0.002133
8010,0.002129
2869,0.002129
1039,0.002129
4001,0.002129
9000,0.002129
5120,0.002129
2105,0.002120
636,0.002083
1038,0.002053
2601,0.002032
1,0.001995
7000,0.001995
1066,0.001901
1069,0.001901
625,0.001869
311,0.001857
280,0.001844
254,0.001832
4000,0.001794
1993,0.001779
1761,0.001756
5003,0.001756
2002,0.001744
2005,0.001731
1998,0.001731
1032,0.001719
1050,0.001669
6112,0.001656
3690,0.001597
1521,0.001568
2161,0.001521
6002,0.001518
1080,0.001518
2401,0.001480
902,0.001468
4045,0.001468
7937,0.001455
787,0.001455
1058,0.001380
2383,0.001369
32771,0.001367
1040,0.001342
1033,0.001342
1059,0.001342
50000,0.001317
5555,0.001305
10001,0.001292
1494,0.001255
593,0.001242
3,0.001242
2301,0.001242
1,0.001236
7938,0.001229
3268,0.001229
1022,0.001217
1234,0.001217
1074,0.001216
9001,0.001216
8002,0.001216
1036,0.001216
1035,0.001216
1037,0.001216
464,0.001192
1935,0.001179
6666,0.001179
2003,0.001179
497,0.001179
6543,0.001167
1352,0.001154
24,0.001154
3269,0.001142
1111,0.001140
407,0.001129
500,0.001129
20,0.001079
2006,0.001066
1034,0.001064
3260,0.001064
15000,0.001064
1218,0.001064
4444,0.001041
264,0.001029
33,0.001016
2004,0.001016
1042,0.000988
42510,0.000988
3052,0.000966
999,0.000966
1023,0.000953
1068,0.000941
222,0.000941
7100,0.000928
888,0.000928
4827,0.000923
1999,0.000923
563,0.000916
1717,0.000912
992,0.000903
32770,0.000903
2008,0.000903
32772,0.000891
7001,0.000891
8082,0.000878
2007,0.000878
740,0.000873
5550,0.000853
5801,0.000841
512,0.000841
1043,0.000841
2009,0.000841
7019,0.000836
50001,0.000836
2701,0.000836
1700,0.000836
4662,0.000828
2065,0.000815
2010,0.000803
42,0.000803
2602,0.000790
3333,0.000790
161,0.000790
9535,0.000790
5100,0.000778
5002,0.000765
2604,0.000765
4002,0.000765
6059,0.000760
1047,0.000760
8194,0.000760
8193,0.000760
8192,0.000760
9595,0.000760
9594,0.000760
9593,0.000760
16993,0.000760
16992,0.000760
6789,0.000760
5226,0.000760
5225,0.000760
32769,0.000760
1052,0.000760
3283,0.000760
1062,0.000760
9415,0.000760
8701,0.000760
8652,0.000760
8651,0.000760
8089,0.000760
65389,0.000760
65000,0.000760
64680,0.000760
64623,0.000760
55600,0.000760
55555,0.000760
52869,0.000760
35500,0.000760
33354,0.000760
23502,0.000760
20828,0.000760
2702,0.000760
1311,0.000760
1060,0.000760
4443,0.000760
1051,0.000760
1055,0.000760
730,0.000758
731,0.000741
709,0.000741
1067,0.000728
13782,0.000728
5902,0.000715
366,0.000715
9050,0.000703
1002,0.000690
85,0.000690
5500,0.000690
1863,0.000684
8085,0.000684
51103,0.000684
49999,0.000684
45100,0.000684
10243,0.000684
5431,0.000684
1864,0.000684
49,0.000665
3495,0.000661
6667,0.000652
90,0.000652
475,0.000643
27000,0.000640
1503,0.000640
6881,0.000640
1500,0.000627
8021,0.000627
340,0.000627
78,0.000626
5566,0.000608
8088,0.000608
2222,0.000608
9071,0.000608
8899,0.000608
6005,0.000602
32774,0.000602
32773,0.000602
9876,0.000602
1501,0.000602
9101,0.000602
5102,0.000602
5679,0.000590
163,0.000590
648,0.000577
1666,0.000577
146,0.000577
901,0.000552
83,0.000539
9207,0.000532
8001,0.000532
8083,0.000532
5004,0.000532
3476,0.000532
8084,0.000532
5214,0.000532
14238,0.000532
12345,0.000527
912,0.000527
30,0.000527
2605,0.000514
2030,0.000514
6,0.000502
541,0.000489
3005,0.000477
8007,0.000477
4,0.000477
1248,0.000477
2500,0.000464
880,0.000464
306,0.000464
4242,0.000456
1097,0.000456
9009,0.000456
2525,0.000456
1086,0.000456
1088,0.000456
8291,0.000456
52822,0.000456
900,0.000452
6101,0.000452
7200,0.000439
2809,0.000439
395,0.000428
211,0.000427
32775,0.000427
12000,0.000427
1083,0.000427
987,0.000427
800,0.000427
705,0.000414
20005,0.000401
711,0.000401
13783,0.000389
6969,0.000389
1104,0.000380
5269,0.000380
5222,0.000380
1085,0.000380
1046,0.000380
5987,0.000380
5989,0.000380
5988,0.000380
1169,0.000380
2190,0.000380
11967,0.000380
8600,0.000380
5030,0.000380
5414,0.000380
1057,0.000380
7627,0.000380
6788,0.000380
8087,0.000380
1947,0.000380
9010,0.000380
7741,0.000380
14000,0.000380
3367,0.000380
1094,0.000380
1099,0.000380
1098,0.000380
3031,0.000380
1075,0.000380
1081,0.000380
1093,0.000380
4449,0.000380
2718,0.000380
6580,0.000380
4129,0.000380
6901,0.000380
3827,0.000380
3580,0.000380
1100,0.000380
2144,0.000380
1063,0.000380
1061,0.000380
9900,0.000380
1107,0.000380
1106,0.000380
20222,0.000380
7778,0.000380
1077,0.000380
3801,0.000380
1310,0.000380
2119,0.000380
2811,0.000380
9080,0.000380
2492,0.000380
2135,0.000380
1070,0.000380
1045,0.000380
2399,0.000380
3017,0.000380
10002,0.000380
1148,0.000380
9002,0.000380
8873,0.000380
2875,0.000380
5718,0.000380
20000,0.000380
8086,0.000380
3998,0.000380
2607,0.000380
4126,0.000380
1272,0.000380
5911,0.000380
3071,0.000380
5910,0.000380
9618,0.000380
2381,0.000380
1096,0.000380
1072,0.000380
3351,0.000380
1073,0.000380
3784,0.000380
5633,0.000380
15660,0.000380
6123,0.000380
3211,0.000380
1078,0.000380
1079,0.000380
3659,0.000380
3551,0.000380
2260,0.000380
2160,0.000380
1082,0.000380
2100,0.000380
16001,0.000380
3325,0.000380
3323,0.000380
9968,0.000380
9503,0.000380
9502,0.000380
9485,0.000380
9290,0.000380
9220,0.000380
9011,0.000380
8994,0.000380
8649,0.000380
8333,0.000380
8222,0.000380
8181,0.000380
7911,0.000380
7625,0.000380
7106,0.000380
65129,0.000380
63331,0.000380
6156,0.000380
6129,0.000380
60020,0.000380
5962,0.000380
5961,0.000380
5960,0.000380
5959,0.000380
5925,0.000380
5877,0.000380
5825,0.000380
5810,0.000380
58080,0.000380
57294,0.000380
50800,0.000380
50006,0.000380
50003,0.000380
49160,0.000380
49159,0.000380
49158,0.000380
48080,0.000380
40193,0.000380
3766,0.000380
34573,0.000380
34572,0.000380
34571,0.000380
3404,0.000380
33899,0.000380
3301,0.000380
3300,0.000380
32782,0.000380
32781,0.000380
31038,0.000380
30718,0.000380
30000,0.000380
28201,0.000380
27715,0.000380
25734,0.000380
24800,0.000380
22939,0.000380
21571,0.000380
20221,0.000380
20031,0.000380
19842,0.000380
19801,0.000380
19101,0.000380
17988,0.000380
1783,0.000380
16018,0.000380
16016,0.000380
15003,0.000380
15002,0.000380
14442,0.000380
13456,0.000380
11110,0.000380
10629,0.000380
10628,0.000380
10626,0.000380
10621,0.000380
10617,0.000380
10616,0.000380
10566,0.000380
10025,0.000380
10024,0.000380
10012,0.000380
1108,0.000380
4003,0.000380
1687,0.000380
1840,0.000380
9500,0.000380
1718,0.000380
8400,0.000380
6389,0.000380
7777,0.000380
8402,0.000380
691,0.000376
89,0.000376
32776,0.000364
1999,0.000364
212,0.000364
2020,0.000364
1001,0.000364
6003,0.000351
7002,0.000351
2998,0.000351
50002,0.000351
898,0.000339
3372,0.000339
5510,0.000339
32,0.000339
2033,0.000339
4165,0.000330
3061,0.000330
5903,0.000326
99,0.000326
749,0.000326
425,0.000326
5405,0.000314
43,0.000314
6502,0.000314
6106,0.000314
13722,0.000314
7007,0.000314
458,0.000314
8100,0.000304
3737,0.000304
5298,0.000304
4111,0.000304
3261,0.000304
1152,0.000304
2522,0.000304
5859,0.000304
1247,0.000304
2191,0.000304
3011,0.000304
5200,0.000304
3851,0.000304
3371,0.000304
3370,0.000304
3369,0.000304
7402,0.000304
5054,0.000304
2126,0.000304
3918,0.000304
3077,0.000304
7443,0.000304
3493,0.000304
3828,0.000304
4446,0.000304
1186,0.000304
2179,0.000304
1183,0.000304
19315,0.000304
19283,0.000304
3995,0.000304
5963,0.000304
3880,0.000304
1124,0.000304
8500,0.000304
1089,0.000304
10004,0.000304
2251,0.000304
9998,0.000304
1087,0.000304
5280,0.000304
3871,0.000304
3030,0.000304
62078,0.000304
9091,0.000304
1334,0.000304
9944,0.000304
9943,0.000304
9877,0.000304
9666,0.000304
9110,0.000304
8654,0.000304
8254,0.000304
8180,0.000304
8090,0.000304
8011,0.000304
7512,0.000304
7435,0.000304
7103,0.000304
61900,0.000304
61532,0.000304
5922,0.000304
5915,0.000304
5904,0.000304
5822,0.000304
56738,0.000304
55055,0.000304
51493,0.000304
50636,0.000304
50389,0.000304
49175,0.000304
49165,0.000304
49163,0.000304
3546,0.000304
32784,0.000304
27355,0.000304
27353,0.000304
27352,0.000304
24444,0.000304
19780,0.000304
18988,0.000304
16012,0.000304
15742,0.000304
10778,0.000304
1580,0.000304
4006,0.000304
1782,0.000304
1296,0.000304
9040,0.000301
32777,0.000301
32779,0.000301
1021,0.000301
32778,0.000289
616,0.000289
666,0.000289
700,0.000289
2021,0.000289
5802,0.000276
4321,0.000276
1112,0.000276
545,0.000276
1524,0.000276
49400,0.000276
84,0.000276
38292,0.000276
2040,0.000276
2111,0.000263
32780,0.000263
1084,0.000263
1600,0.000263
2048,0.000263
3006,0.000263
2638,0.000251
6699,0.000251
9111,0.000251
16080,0.000251
6547,0.000251
6007,0.000238
1533,0.000238
5560,0.000238
2106,0.000238
1443,0.000238
667,0.000238
720,0.000238
2034,0.000238
555,0.000238
801,0.000238
6025,0.000228
3221,0.000228
3826,0.000228
9200,0.000228
2608,0.000228
4279,0.000228
7025,0.000228
11111,0.000228
3527,0.000228
4445,0.000228
1151,0.000228
8200,0.000228
8300,0.000228
4567,0.000228
6689,0.000228
10009,0.000228
6100,0.000228
8800,0.000228
5730,0.000228
2394,0.000228
2393,0.000228
2725,0.000228
5061,0.000228
6566,0.000228
5678,0.000228
3800,0.000228
4550,0.000228
5080,0.000228
1201,0.000228
3168,0.000228
3814,0.000228
1862,0.000228
9898,0.000228
1114,0.000228
6510,0.000228
3905,0.000228
8383,0.000228
3914,0.000228
3971,0.000228
3809,0.000228
7999,0.000228
7676,0.000228
3517,0.000228
4900,0.000228
3869,0.000228
9418,0.000228
2909,0.000228
3878,0.000228
8042,0.000228
1091,0.000228
1090,0.000228
1271,0.000228
3920,0.000228
6567,0.000228
1138,0.000228
10003,0.000228
3945,0.000228
1175,0.000228
1199,0.000228
3390,0.000228
3889,0.000228
3003,0.000228
1131,0.000228
8292,0.000228
1119,0.000228
1117,0.000228
4848,0.000228
7800,0.000228
16000,0.000228
3324,0.000228
3322,0.000228
5221,0.000228
9917,0.000228
9878,0.000228
9575,0.000228
9099,0.000228
9081,0.000228
9003,0.000228
8290,0.000228
8099,0.000228
8093,0.000228
8045,0.000228
7921,0.000228
7920,0.000228
7496,0.000228
6839,0.000228
6792,0.000228
6779,0.000228
6692,0.000228
6565,0.000228
60443,0.000228
5952,0.000228
5950,0.000228
5907,0.000228
5906,0.000228
5862,0.000228
5850,0.000228
5815,0.000228
5811,0.000228
57797,0.000228
56737,0.000228
5544,0.000228
55056,0.000228
5440,0.000228
54328,0.000228
54045,0.000228
52848,0.000228
52673,0.000228
5087,0.000228
50500,0.000228
5033,0.000228
50300,0.000228
49176,0.000228
49167,0.000228
49161,0.000228
44501,0.000228
44176,0.000228
41511,0.000228
40911,0.000228
32785,0.000228
32783,0.000228
30951,0.000228
27356,0.000228
26214,0.000228
25735,0.000228
19350,0.000228
18101,0.000228
18040,0.000228
17877,0.000228
16113,0.000228
15004,0.000228
14441,0.000228
12265,0.000228
12174,0.000228
10215,0.000228
10180,0.000228
4004,0.000228
4005,0.000228
8022,0.000228
1122,0.000228
2323,0.000228
4224,0.000226
617,0.000226
777,0.000226
417,0.000226
714,0.000226
6346,0.000226
981,0.000226
722,0.000226
1009,0.000226
4998,0.000226
70,0.000226
2022,0.000226
1076,0.000213
5999,0.000213
668,0.000213
10082,0.000213
765,0.000213
301,0.000213
524,0.000213
2041,0.000213
6009,0.000201
1417,0.000201
1434,0.000201
259,0.000201
44443,0.000201
1984,0.000201
7004,0.000201
2068,0.000201
1007,0.000201
4343,0.000201
416,0.000201
2038,0.000201
6006,0.000188
109,0.000188
4125,0.000188
1461,0.000188
9103,0.000188
911,0.000188
726,0.000188
1010,0.000188
2046,0.000188
2035,0.000188
7201,0.000188
687,0.000188
125,0.000176
903,0.000176
6669,0.000176
6668,0.000176
1455,0.000176
1011,0.000176
2013,0.000176
2043,0.000176
481,0.000176
2047,0.000176
683,0.000176
31337,0.000163
9929,0.000163
5998,0.000163
406,0.000163
44442,0.000163
783,0.000163
256,0.000163
843,0.000163
2042,0.000163
2045,0.000163
4040,0.000152
6060,0.000152
6051,0.000152
1145,0.000152
3916,0.000152
9443,0.000152
9444,0.000152
1875,0.000152
7272,0.000152
4252,0.000152
4200,0.000152
7024,0.000152
1556,0.000152
13724,0.000152
1141,0.000152
1233,0.000152
8765,0.000152
1137,0.000152
3963,0.000152
2910,0.000152
9191,0.000152
3808,0.000152
8686,0.000152
3981,0.000152
2710,0.000152
3852,0.000152
3849,0.000152
3944,0.000152
3853,0.000152
9988,0.000152
1163,0.000152
4164,0.000152
3820,0.000152
3162,0.000152
6481,0.000152
3731,0.000152
5081,0.000152
40000,0.000152
8097,0.000152
4555,0.000152
3863,0.000152
1287,0.000152
2920,0.000152
4430,0.000152
7744,0.000152
1812,0.000152
7913,0.000152
1166,0.000152
1164,0.000152
1165,0.000152
8019,0.000152
10160,0.000152
4658,0.000152
4600,0.000152
3304,0.000152
3307,0.000152
1259,0.000152
1092,0.000152
7278,0.000152
3872,0.000152
10008,0.000152
1322,0.000152
7725,0.000152
1095,0.000152
3410,0.000152
1971,0.000152
2288,0.000152
3697,0.000152
3859,0.000152
3514,0.000152
1123,0.000152
4949,0.000152
4147,0.000152
7900,0.000152
5353,0.000152
3931,0.000152
1277,0.000152
3957,0.000152
1213,0.000152
6600,0.000152
9600,0.000152
3700,0.000152
3007,0.000152
4080,0.000152
1113,0.000152
3969,0.000152
1132,0.000152
1309,0.000152
3848,0.000152
7281,0.000152
1641,0.000152
3907,0.000152
3972,0.000152
2200,0.000152
3968,0.000152
1126,0.000152
5223,0.000152
1217,0.000152
3870,0.000152
3941,0.000152
8293,0.000152
1300,0.000152
2099,0.000152
6068,0.000152
3013,0.000152
1105,0.000152
1174,0.000152
3684,0.000152
2170,0.000152
3792,0.000152
1328,0.000152
1216,0.000152
5151,0.000152
2968,0.000152
1805,0.000152
7080,0.000152
1914,0.000152
1974,0.000152
4143,0.000152
8889,0.000152
12006,0.000152
1121,0.000152
3119,0.000152
3400,0.000152
3824,0.000152
1154,0.000152
20002,0.000152
3888,0.000152
1301,0.000152
4009,0.000152
5063,0.000152
3376,0.000152
1185,0.000152
1147,0.000152
1198,0.000152
1192,0.000152
1972,0.000152
1130,0.000152
1149,0.000152
4096,0.000152
6500,0.000152
8294,0.000152
3990,0.000152
3993,0.000152
3846,0.000152
3929,0.000152
1187,0.000152
5074,0.000152
1102,0.000152
2800,0.000152
9941,0.000152
9914,0.000152
9815,0.000152
9673,0.000152
9643,0.000152
9621,0.000152
9501,0.000152
9409,0.000152
9198,0.000152
9197,0.000152
9098,0.000152
8996,0.000152
8987,0.000152
8877,0.000152
8766,0.000152
8676,0.000152
8675,0.000152
8648,0.000152
8540,0.000152
8481,0.000152
8385,0.000152
8189,0.000152
8098,0.000152
8095,0.000152
8050,0.000152
8016,0.000152
8015,0.000152
7929,0.000152
7878,0.000152
7770,0.000152
7749,0.000152
7438,0.000152
7241,0.000152
7123,0.000152
7051,0.000152
7050,0.000152
6896,0.000152
6732,0.000152
6711,0.000152
65310,0.000152
6520,0.000152
6504,0.000152
6247,0.000152
6203,0.000152
61613,0.000152
60642,0.000152
60146,0.000152
60123,0.000152
5981,0.000152
5940,0.000152
5938,0.000152
59202,0.000152
59201,0.000152
59200,0.000152
5918,0.000152
5914,0.000152
59110,0.000152
5909,0.000152
5905,0.000152
5899,0.000152
58838,0.000152
5869,0.000152
5868,0.000152
58632,0.000152
58630,0.000152
5823,0.000152
5818,0.000152
5812,0.000152
5807,0.000152
58002,0.000152
58001,0.000152
57665,0.000152
55576,0.000152
55020,0.000152
53535,0.000152
5339,0.000152
53314,0.000152
53313,0.000152
53211,0.000152
52853,0.000152
52851,0.000152
52850,0.000152
52849,0.000152
52847,0.000152
5279,0.000152
52735,0.000152
52710,0.000152
52660,0.000152
5242,0.000152
5212,0.000152
51413,0.000152
51191,0.000152
5040,0.000152
50050,0.000152
49401,0.000152
49236,0.000152
49195,0.000152
49186,0.000152
49171,0.000152
49168,0.000152
49164,0.000152
4875,0.000152
47544,0.000152
46996,0.000152
46200,0.000152
44709,0.000152
41523,0.000152
41064,0.000152
40811,0.000152
3994,0.000152
39659,0.000152
39376,0.000152
39136,0.000152
38188,0.000152
38185,0.000152
37839,0.000152
35513,0.000152
33554,0.000152
33453,0.000152
32835,0.000152
32822,0.000152
32816,0.000152
32803,0.000152
32792,0.000152
32791,0.000152
30704,0.000152
30005,0.000152
29831,0.000152
29672,0.000152
28211,0.000152
27357,0.000152
26470,0.000152
23796,0.000152
23052,0.000152
22222,0.000152
2196,0.000152
21792,0.000152
19900,0.000152
18264,0.000152
18018,0.000152
17595,0.000152
16851,0.000152
16800,0.000152
16705,0.000152
15402,0.000152
15001,0.000152
12452,0.000152
12380,0.000152
12262,0.000152
12215,0.000152
12059,0.000152
12021,0.000152
10873,0.000152
10058,0.000152
10034,0.000152
10023,0.000152
10022,0.000152
10011,0.000152
1594,0.000152
1658,0.000152
1583,0.000152
26000,0.000152
2366,0.000152
1688,0.000152
2557,0.000152
1839,0.000152
2382,0.000152
5968,0.000152
1244,0.000152
1719,0.000152
3050,0.000152
6550,0.000152
5501,0.000152
31727,0.000152
1721,0.000152
1236,0.000152
1103,0.000151
10005,0.000151
2501,0.000151
6222,0.000151
1109,0.000151
1347,0.000151
639,0.000151
701,0.000151
2232,0.000151
2241,0.000151
4559,0.000151
710,0.000151
623,0.000151
5680,0.000151
1220,0.000151
913,0.000151
780,0.000151
930,0.000151
803,0.000151
725,0.000151
2012,0.000151
502,0.000151
540,0.000138
102,0.000138
1270,0.000138
1222,0.000138
953,0.000138
8118,0.000138
1158,0.000138
27,0.000138
123,0.000138
86,0.000138
9992,0.000138
18000,0.000138
931,0.000138
874,0.000138
856,0.000138
250,0.000138
5010,0.000138
475,0.000138
2044,0.000138
441,0.000138
447,0.000138
442,0.000138
419,0.000138
6008,0.000125
210,0.000125
7003,0.000125
5803,0.000125
1008,0.000125
3025,0.000125
3299,0.000125
556,0.000125
829,0.000125
55,0.000125
713,0.000125
1550,0.000125
709,0.000125
2628,0.000125
223,0.000125
6103,0.000125
87,0.000125
57,0.000125
10083,0.000125
5520,0.000125
980,0.000125
251,0.000125
1013,0.000125
9152,0.000125
1212,0.000125
2433,0.000125
1516,0.000113
333,0.000113
748,0.000113
657,0.000113
1350,0.000113
2011,0.000113
1526,0.000113
7010,0.000113
1241,0.000113
4333,0.000113
127,0.000113
157,0.000113
220,0.000113
1351,0.000113
2067,0.000113
684,0.000113
77,0.000113
674,0.000113
943,0.000113
904,0.000113
840,0.000113
825,0.000113
792,0.000113
732,0.000113
1020,0.000113
1006,0.000113
557,0.000113
610,0.000113
1547,0.000113
523,0.000113
996,0.000100
602,0.000100
3456,0.000100
862,0.000100
655,0.000100
600,0.000100
3399,0.000100
1522,0.000100
1353,0.000100
6662,0.000100
2903,0.000100
660,0.000100
729,0.000100
730,0.000100
731,0.000100
782,0.000100
257,0.000100
1357,0.000100
3632,0.000100
6050,0.000100
2201,0.000100
971,0.000100
969,0.000100
905,0.000100
846,0.000100
839,0.000100
823,0.000100
822,0.000100
795,0.000100
790,0.000100
778,0.000100
757,0.000100
659,0.000100
225,0.000100
1015,0.000100
1014,0.000100
1012,0.000100
2025,0.000100
786,0.000100
998,0.000100
2600,0.000088
6017,0.000088
690,0.000088
388,0.000088
44334,0.000088
1127,0.000088
411,0.000088
1525,0.000088
1337,0.000088
740,0.000088
12346,0.000088
3999,0.000088
669,0.000088
754,0.000088
715,0.000088
2112,0.000088
6670,0.000088
1414,0.000088
621,0.000088
606,0.000088
59,0.000088
928,0.000088
924,0.000088
922,0.000088
921,0.000088
918,0.000088
878,0.000088
864,0.000088
859,0.000088
806,0.000088
805,0.000088
802,0.000088
728,0.000088
252,0.000088
1005,0.000088
1004,0.000088
5011,0.000088
641,0.000088
758,0.000088
98,0.000088
38037,0.000088
1413,0.000088
2104,0.000076
1229,0.000076
3817,0.000076
6063,0.000076
6062,0.000076
6055,0.000076
6052,0.000076
6030,0.000076
6021,0.000076
6015,0.000076
6010,0.000076
3220,0.000076
1924,0.000076
6115,0.000076
3940,0.000076
2340,0.000076
4545,0.000076
4141,0.000076
3810,0.000076
2991,0.000076
6065,0.000076
1290,0.000076
1565,0.000076
3511,0.000076
5986,0.000076
5985,0.000076
2723,0.000076
9202,0.000076
4036,0.000076
4035,0.000076
2312,0.000076
3652,0.000076
3280,0.000076
4298,0.000076
4297,0.000076
4294,0.000076
4262,0.000076
4234,0.000076
4220,0.000076
4206,0.000076
22555,0.000076
5423,0.000076
9300,0.000076
7121,0.000076
1927,0.000076
5070,0.000076
2148,0.000076
1168,0.000076
5055,0.000076
1823,0.000076
1327,0.000076
3653,0.000076
2330,0.000076
1223,0.000076
8201,0.000076
3240,0.000076
2580,0.000076
2644,0.000076
4020,0.000076
2436,0.000076
3906,0.000076
4375,0.000076
4024,0.000076
5581,0.000076
5580,0.000076
9694,0.000076
6251,0.000076
7345,0.000076
7325,0.000076
7320,0.000076
7300,0.000076
3600,0.000076
3943,0.000076
4912,0.000076
2142,0.000076
1976,0.000076
1975,0.000076
5202,0.000076
5201,0.000076
9020,0.000076
4016,0.000076
5111,0.000076
3281,0.000076
9911,0.000076
3923,0.000076
2439,0.000076
3930,0.000076
1221,0.000076
2973,0.000076
3909,0.000076
5814,0.000076
14001,0.000076
1330,0.000076
4158,0.000076
2270,0.000076
3526,0.000076
1911,0.000076
5066,0.000076
2711,0.000076
2728,0.000076
2888,0.000076
3788,0.000076
3796,0.000076
3922,0.000076
2292,0.000076
3803,0.000076
16161,0.000076
3102,0.000076
5250,0.000076
3979,0.000076
3670,0.000076
3483,0.000076
2631,0.000076
1750,0.000076
3897,0.000076
7500,0.000076
1645,0.000076
5553,0.000076
5554,0.000076
9875,0.000076
3636,0.000076
3860,0.000076
1243,0.000076
2187,0.000076
3712,0.000076
8052,0.000076
2083,0.000076
2271,0.000076
1291,0.000076
1208,0.000076
3319,0.000076
3935,0.000076
3430,0.000076
1200,0.000076
1811,0.000076
1215,0.000076
3962,0.000076
3368,0.000076
3964,0.000076
4442,0.000076
1128,0.000076
5557,0.000076
4010,0.000076
9400,0.000076
1605,0.000076
3291,0.000076
1118,0.000076
7400,0.000076
5005,0.000076
1699,0.000076
2889,0.000076
1195,0.000076
5053,0.000076
3813,0.000076
1712,0.000076
3765,0.000076
3806,0.000076
1306,0.000076
2997,0.000076
3532,0.000076
2449,0.000076
3799,0.000076
3790,0.000076
3599,0.000076
3850,0.000076
4355,0.000076
4358,0.000076
4357,0.000076
4356,0.000076
1262,0.000076
5433,0.000076
3928,0.000076
4713,0.000076
1101,0.000076
4374,0.000076
1268,0.000076
3961,0.000076
1735,0.000076
9022,0.000076
1858,0.000076
3911,0.000076
3396,0.000076
7628,0.000076
3200,0.000076
1264,0.000076
3967,0.000076
2505,0.000076
5133,0.000076
3658,0.000076
3118,0.000076
4601,0.000076
1321,0.000076
8471,0.000076
1314,0.000076
2558,0.000076
6161,0.000076
4025,0.000076
3089,0.000076
9021,0.000076
1632,0.000076
9995,0.000076
30001,0.000076
1307,0.000076
1981,0.000076
2532,0.000076
8472,0.000076
9990,0.000076
1808,0.000076
1159,0.000076
1157,0.000076
2435,0.000076
1308,0.000076
5723,0.000076
1194,0.000076
3443,0.000076
4161,0.000076
1135,0.000076
9211,0.000076
9210,0.000076
4090,0.000076
7789,0.000076
9628,0.000076
12121,0.000076
4454,0.000076
3680,0.000076
3167,0.000076
1239,0.000076
3902,0.000076
3901,0.000076
3890,0.000076
3842,0.000076
16900,0.000076
4700,0.000076
4687,0.000076
1196,0.000076
4407,0.000076
3519,0.000076
3520,0.000076
1799,0.000076
3812,0.000076
5012,0.000076
10115,0.000076
1615,0.000076
2902,0.000076
4118,0.000076
2882,0.000076
2706,0.000076
2095,0.000076
2096,0.000076
3363,0.000076
1340,0.000076
4447,0.000076
5137,0.000076
3795,0.000076
8005,0.000076
10007,0.000076
3515,0.000076
1806,0.000076
6888,0.000076
8003,0.000076
2438,0.000076
3847,0.000076
3503,0.000076
9343,0.000076
5252,0.000076
2583,0.000076
2197,0.000076
3798,0.000076
1180,0.000076
2269,0.000076
5722,0.000076
20001,0.000076
1134,0.000076
2622,0.000076
11001,0.000076
1207,0.000076
2850,0.000076
1249,0.000076
3311,0.000076
3837,0.000076
2804,0.000076
4190,0.000076
3936,0.000076
2463,0.000076
1204,0.000076
4056,0.000076
2280,0.000076
2623,0.000076
1184,0.000076
3913,0.000076
3672,0.000076
4342,0.000076
3586,0.000076
1861,0.000076
1752,0.000076
2372,0.000076
9592,0.000076
6085,0.000076
2081,0.000076
4058,0.000076
2115,0.000076
8900,0.000076
4328,0.000076
2958,0.000076
2957,0.000076
7071,0.000076
3899,0.000076
2531,0.000076
2691,0.000076
5052,0.000076
1638,0.000076
3419,0.000076
2551,0.000076
11000,0.000076
4029,0.000076
3497,0.000076
1209,0.000076
3603,0.000076
1336,0.000076
1240,0.000076
2082,0.000076
3856,0.000076
1143,0.000076
3602,0.000076
1176,0.000076
4100,0.000076
3486,0.000076
2326,0.000076
4800,0.000076
2062,0.000076
1918,0.000076
12001,0.000076
12002,0.000076
9084,0.000076
1156,0.000076
2313,0.000076
3952,0.000076
3919,0.000076
4999,0.000076
5023,0.000076
2069,0.000076
3439,0.000076
1188,0.000076
1125,0.000076
3908,0.000076
7501,0.000076
2984,0.000076
1722,0.000076
2988,0.000076
1136,0.000076
1162,0.000076
22128,0.000076
1211,0.000076
3530,0.000076
3057,0.000076
2086,0.000076
3956,0.000076
1191,0.000076
5235,0.000076
1144,0.000076
4745,0.000076
1901,0.000076
1807,0.000076
2425,0.000076
1228,0.000076
5912,0.000076
3210,0.000076
3787,0.000076
32767,0.000076
5015,0.000076
5013,0.000076
3622,0.000076
4039,0.000076
10101,0.000076
3002,0.000076
1316,0.000076
5152,0.000076
3983,0.000076
3982,0.000076
9616,0.000076
4369,0.000076
3728,0.000076
3621,0.000076
2291,0.000076
1210,0.000076
5114,0.000076
1282,0.000076
7101,0.000076
1315,0.000076
2087,0.000076
2124,0.000076
5234,0.000076
1635,0.000076
3263,0.000076
4121,0.000076
4602,0.000076
2224,0.000076
1791,0.000076
3949,0.000076
9131,0.000076
2150,0.000076
3310,0.000076
3937,0.000076
2253,0.000076
3882,0.000076
17500,0.000076
3831,0.000076
4022,0.000076
3362,0.000076
3663,0.000076
3334,0.000076
47624,0.000076
3876,0.000076
1825,0.000076
3868,0.000076
4302,0.000076
5721,0.000076
1279,0.000076
2606,0.000076
1173,0.000076
22125,0.000076
12005,0.000076
6113,0.000076
1973,0.000076
3793,0.000076
2300,0.000076
3637,0.000076
8954,0.000076
9287,0.000076
3742,0.000076
9667,0.000076
41795,0.000076
41794,0.000076
1566,0.000076
4300,0.000076
3365,0.000076
4665,0.000076
3190,0.000076
3577,0.000076
1713,0.000076
3823,0.000076
2371,0.000076
2261,0.000076
2262,0.000076
1190,0.000076
22350,0.000076
3374,0.000076
4135,0.000076
2598,0.000076
2567,0.000076
1167,0.000076
8470,0.000076
3749,0.000076
1302,0.000076
8116,0.000076
3830,0.000076
3485,0.000076
8880,0.000076
2734,0.000076
3505,0.000076
3388,0.000076
3669,0.000076
1871,0.000076
4325,0.000076
8025,0.000076
1958,0.000076
2472,0.000076
3681,0.000076
3014,0.000076
8999,0.000076
3414,0.000076
4101,0.000076
6503,0.000076
9700,0.000076
3683,0.000076
1150,0.000076
4376,0.000076
24554,0.000076
3991,0.000076
3989,0.000076
3992,0.000076
2302,0.000076
3415,0.000076
1179,0.000076
3946,0.000076
2203,0.000076
4192,0.000076
2712,0.000076
25565,0.000076
2134,0.000076
4065,0.000076
3915,0.000076
2080,0.000076
3103,0.000076
2265,0.000076
2304,0.000076
4119,0.000076
4401,0.000076
1560,0.000076
3904,0.000076
1835,0.000076
1116,0.000076
8474,0.000076
3879,0.000076
4087,0.000076
2898,0.000076
4112,0.000076
6350,0.000076
9950,0.000076
3506,0.000076
3948,0.000076
3825,0.000076
2325,0.000076
1800,0.000076
1153,0.000076
2930,0.000076
3839,0.000076
1319,0.000076
5672,0.000076
3811,0.000076
4689,0.000076
2901,0.000076
47806,0.000076
3975,0.000076
3980,0.000076
4113,0.000076
2847,0.000076
2070,0.000076
3425,0.000076
6579,0.000076
6628,0.000076
3997,0.000076
2550,0.000076
3513,0.000076
3656,0.000076
2335,0.000076
1182,0.000076
1954,0.000076
3996,0.000076
4599,0.000076
2391,0.000076
3479,0.000076
5021,0.000076
5020,0.000076
1558,0.000076
1559,0.000076
1317,0.000076
1707,0.000076
9979,0.000076
9975,0.000076
9971,0.000076
9919,0.000076
9915,0.000076
9912,0.000076
9910,0.000076
9908,0.000076
9901,0.000076
9844,0.000076
9830,0.000076
9826,0.000076
9825,0.000076
9823,0.000076
9814,0.000076
9812,0.000076
9777,0.000076
9745,0.000076
9683,0.000076
9680,0.000076
9679,0.000076
9674,0.000076
9665,0.000076
9661,0.000076
9654,0.000076
9648,0.000076
9620,0.000076
9619,0.000076
9613,0.000076
9583,0.000076
9527,0.000076
9513,0.000076
9493,0.000076
9478,0.000076
9464,0.000076
9454,0.000076
9364,0.000076
9351,0.000076
9183,0.000076
9170,0.000076
9133,0.000076
9130,0.000076
9128,0.000076
9125,0.000076
9065,0.000076
9061,0.000076
9044,0.000076
9037,0.000076
9013,0.000076
9005,0.000076
9004,0.000076
8980,0.000076
8925,0.000076
8898,0.000076
8887,0.000076
8882,0.000076
8879,0.000076
8878,0.000076
8865,0.000076
8843,0.000076
8801,0.000076
8798,0.000076
8790,0.000076
8772,0.000076
8756,0.000076
8752,0.000076
8736,0.000076
8680,0.000076
8673,0.000076
8658,0.000076
8655,0.000076
8644,0.000076
8640,0.000076
8621,0.000076
8601,0.000076
8562,0.000076
8539,0.000076
8531,0.000076
8530,0.000076
8515,0.000076
8484,0.000076
8479,0.000076
8477,0.000076
8455,0.000076
8454,0.000076
8453,0.000076
8452,0.000076
8451,0.000076
8445,0.000076
8409,0.000076
8339,0.000076
8308,0.000076
8295,0.000076
8282,0.000076
8273,0.000076
8268,0.000076
8255,0.000076
8248,0.000076
8245,0.000076
8232,0.000076
8202,0.000076
8144,0.000076
8133,0.000076
8110,0.000076
8092,0.000076
8064,0.000076
8060,0.000076
8037,0.000076
8029,0.000076
8023,0.000076
8018,0.000076
8014,0.000076
8006,0.000076
7998,0.000076
7975,0.000076
7895,0.000076
7854,0.000076
7853,0.000076
7852,0.000076
7830,0.000076
7813,0.000076
7788,0.000076
7780,0.000076
7772,0.000076
7771,0.000076
7688,0.000076
7685,0.000076
7654,0.000076
7637,0.000076
7600,0.000076
7555,0.000076
7553,0.000076
7456,0.000076
7451,0.000076
7231,0.000076
7218,0.000076
7184,0.000076
7119,0.000076
7104,0.000076
7102,0.000076
7092,0.000076
7072,0.000076
7068,0.000076
7067,0.000076
7043,0.000076
7033,0.000076
6973,0.000076
6972,0.000076
6956,0.000076
6942,0.000076
6922,0.000076
6920,0.000076
6897,0.000076
6877,0.000076
6780,0.000076
6734,0.000076
6725,0.000076
6710,0.000076
6709,0.000076
6650,0.000076
6647,0.000076
6644,0.000076
6606,0.000076
65514,0.000076
65488,0.000076
6535,0.000076
65311,0.000076
65048,0.000076
64890,0.000076
64727,0.000076
64726,0.000076
64551,0.000076
64507,0.000076
64438,0.000076
64320,0.000076
6412,0.000076
64127,0.000076
64080,0.000076
63803,0.000076
63675,0.000076
6349,0.000076
63423,0.000076
6324,0.000076
6323,0.000076
63156,0.000076
6310,0.000076
63105,0.000076
6309,0.000076
62866,0.000076
6274,0.000076
6273,0.000076
62674,0.000076
6259,0.000076
62570,0.000076
62519,0.000076
6250,0.000076
62312,0.000076
62188,0.000076
62080,0.000076
62042,0.000076
62006,0.000076
61942,0.000076
61851,0.000076
61827,0.000076
61734,0.000076
61722,0.000076
61669,0.000076
61617,0.000076
61616,0.000076
61516,0.000076
61473,0.000076
61402,0.000076
6126,0.000076
6120,0.000076
61170,0.000076
61169,0.000076
61159,0.000076
60989,0.000076
6091,0.000076
6090,0.000076
60794,0.000076
60789,0.000076
60783,0.000076
60782,0.000076
6077,0.000076
60753,0.000076
60743,0.000076
60728,0.000076
60713,0.000076
6067,0.000076
60628,0.000076
60621,0.000076
60612,0.000076
60579,0.000076
60544,0.000076
60504,0.000076
60492,0.000076
60485,0.000076
60403,0.000076
60401,0.000076
60377,0.000076
60279,0.000076
60243,0.000076
60227,0.000076
60177,0.000076
60111,0.000076
60086,0.000076
60055,0.000076
60003,0.000076
60002,0.000076
60000,0.000076
59987,0.000076
59841,0.000076
59829,0.000076
59810,0.000076
59778,0.000076
5975,0.000076
5974,0.000076
5971,0.000076
59684,0.000076
5966,0.000076
5958,0.000076
59565,0.000076
5954,0.000076
5953,0.000076
59525,0.000076
59510,0.000076
59509,0.000076
59504,0.000076
5949,0.000076
59499,0.000076
5948,0.000076
5945,0.000076
5939,0.000076
5936,0.000076
5934,0.000076
59340,0.000076
5931,0.000076
5927,0.000076
5926,0.000076
5924,0.000076
5923,0.000076
59239,0.000076
5921,0.000076
5920,0.000076
59191,0.000076
5917,0.000076
59160,0.000076
59149,0.000076
59122,0.000076
59107,0.000076
5908,0.000076
59087,0.000076
58991,0.000076
58970,0.000076
58908,0.000076
5888,0.000076
5887,0.000076
5881,0.000076
5878,0.000076
5875,0.000076
5874,0.000076
58721,0.000076
5871,0.000076
58699,0.000076
58634,0.000076
58622,0.000076
58610,0.000076
5860,0.000076
5858,0.000076
58570,0.000076
58562,0.000076
5854,0.000076
5853,0.000076
5852,0.000076
5849,0.000076
58498,0.000076
5848,0.000076
58468,0.000076
5845,0.000076
58456,0.000076
58446,0.000076
58430,0.000076
5840,0.000076
5839,0.000076
5838,0.000076
58374,0.000076
5836,0.000076
5834,0.000076
5831,0.000076
58310,0.000076
58305,0.000076
5827,0.000076
5826,0.000076
58252,0.000076
5824,0.000076
5821,0.000076
5820,0.000076
5817,0.000076
58164,0.000076
58109,0.000076
58107,0.000076
5808,0.000076
58072,0.000076
5806,0.000076
5804,0.000076
57999,0.000076
57988,0.000076
57928,0.000076
57923,0.000076
57896,0.000076
57891,0.000076
57733,0.000076
57730,0.000076
57702,0.000076
57681,0.000076
57678,0.000076
57576,0.000076
57479,0.000076
57398,0.000076
57387,0.000076
5737,0.000076
57352,0.000076
57350,0.000076
5734,0.000076
57347,0.000076
57335,0.000076
5732,0.000076
57325,0.000076
57123,0.000076
5711,0.000076
57103,0.000076
57020,0.000076
56975,0.000076
56973,0.000076
56827,0.000076
56822,0.000076
56810,0.000076
56725,0.000076
56723,0.000076
56681,0.000076
5667,0.000076
56668,0.000076
5665,0.000076
56591,0.000076
56535,0.000076
56507,0.000076
56293,0.000076
56259,0.000076
5622,0.000076
5621,0.000076
5620,0.000076
5612,0.000076
5611,0.000076
56055,0.000076
56016,0.000076
55948,0.000076
55910,0.000076
55907,0.000076
55901,0.000076
55781,0.000076
55773,0.000076
55758,0.000076
55721,0.000076
55684,0.000076
55652,0.000076
55635,0.000076
55579,0.000076
55569,0.000076
55568,0.000076
55556,0.000076
5552,0.000076
55527,0.000076
55479,0.000076
55426,0.000076
55400,0.000076
55382,0.000076
55350,0.000076
55312,0.000076
55227,0.000076
55187,0.000076
55183,0.000076
55000,0.000076
54991,0.000076
54987,0.000076
54907,0.000076
54873,0.000076
5475,0.000076
54741,0.000076
5473,0.000076
54722,0.000076
54688,0.000076
54658,0.000076
54605,0.000076
5458,0.000076
5457,0.000076
54551,0.000076
54514,0.000076
5444,0.000076
5442,0.000076
5441,0.000076
54323,0.000076
54321,0.000076
54276,0.000076
54263,0.000076
54235,0.000076
54127,0.000076
54101,0.000076
54075,0.000076
53958,0.000076
53910,0.000076
53852,0.000076
53827,0.000076
53782,0.000076
5377,0.000076
53742,0.000076
5370,0.000076
53690,0.000076
53656,0.000076
53639,0.000076
53633,0.000076
53491,0.000076
5347,0.000076
53469,0.000076
53460,0.000076
53370,0.000076
53361,0.000076
53319,0.000076
53240,0.000076
53212,0.000076
53189,0.000076
53178,0.000076
53085,0.000076
52948,0.000076
5291,0.000076
52893,0.000076
52675,0.000076
52665,0.000076
5261,0.000076
5259,0.000076
52573,0.000076
52506,0.000076
52477,0.000076
52391,0.000076
5233,0.000076
52262,0.000076
52237,0.000076
52230,0.000076
52226,0.000076
52225,0.000076
5219,0.000076
52173,0.000076
52071,0.000076
52046,0.000076
52025,0.000076
52003,0.000076
52002,0.000076
52001,0.000076
52000,0.000076
51965,0.000076
51961,0.000076
51909,0.000076
51906,0.000076
51809,0.000076
51800,0.000076
51772,0.000076
51771,0.000076
51658,0.000076
51582,0.000076
51515,0.000076
51488,0.000076
51485,0.000076
51484,0.000076
5147,0.000076
51460,0.000076
51423,0.000076
51366,0.000076
51351,0.000076
51343,0.000076
51300,0.000076
5125,0.000076
51240,0.000076
51235,0.000076
51234,0.000076
51233,0.000076
5122,0.000076
5121,0.000076
51139,0.000076
51118,0.000076
51067,0.000076
51037,0.000076
51020,0.000076
51011,0.000076
50997,0.000076
5098,0.000076
5096,0.000076
5095,0.000076
50945,0.000076
5090,0.000076
50903,0.000076
5088,0.000076
50887,0.000076
50854,0.000076
50849,0.000076
50836,0.000076
50835,0.000076
50834,0.000076
50833,0.000076
50831,0.000076
50815,0.000076
50809,0.000076
50787,0.000076
50733,0.000076
50692,0.000076
50585,0.000076
50577,0.000076
50576,0.000076
50545,0.000076
50529,0.000076
50513,0.000076
50356,0.000076
50277,0.000076
50258,0.000076
50246,0.000076
50224,0.000076
50205,0.000076
50202,0.000076
50198,0.000076
50189,0.000076
5017,0.000076
5016,0.000076
5014,0.000076
50101,0.000076
50040,0.000076
50019,0.000076
50016,0.000076
49927,0.000076
49803,0.000076
49765,0.000076
49762,0.000076
49751,0.000076
49678,0.000076
49603,0.000076
49597,0.000076
49522,0.000076
49521,0.000076
49520,0.000076
49519,0.000076
49500,0.000076
49498,0.000076
49452,0.000076
49398,0.000076
49372,0.000076
49352,0.000076
4931,0.000076
49302,0.000076
49275,0.000076
49241,0.000076
49235,0.000076
49232,0.000076
49228,0.000076
49216,0.000076
49213,0.000076
49211,0.000076
49204,0.000076
49203,0.000076
49202,0.000076
49201,0.000076
49197,0.000076
49196,0.000076
49191,0.000076
49190,0.000076
49189,0.000076
49179,0.000076
49173,0.000076
49172,0.000076
49170,0.000076
49169,0.000076
49166,0.000076
49132,0.000076
49048,0.000076
4903,0.000076
49002,0.000076
48973,0.000076
48967,0.000076
48966,0.000076
48925,0.000076
4881,0.000076
48813,0.000076
48783,0.000076
4877,0.000076
4876,0.000076
48682,0.000076
48648,0.000076
48631,0.000076
4860,0.000076
4859,0.000076
48434,0.000076
48356,0.000076
4819,0.000076
48167,0.000076
48153,0.000076
48127,0.000076
48083,0.000076
48067,0.000076
48009,0.000076
47969,0.000076
47966,0.000076
4793,0.000076
47860,0.000076
47858,0.000076
47850,0.000076
4778,0.000076
47777,0.000076
4771,0.000076
4770,0.000076
47700,0.000076
4767,0.000076
47634,0.000076
4760,0.000076
47595,0.000076
47581,0.000076
47567,0.000076
47448,0.000076
47372,0.000076
47348,0.000076
47267,0.000076
47197,0.000076
4712,0.000076
47119,0.000076
47029,0.000076
47012,0.000076
46992,0.000076
46813,0.000076
46593,0.000076
4649,0.000076
4644,0.000076
46436,0.000076
46418,0.000076
46372,0.000076
46310,0.000076
46182,0.000076
46171,0.000076
46115,0.000076
4609,0.000076
4606,0.000076
46069,0.000076
46034,0.000076
45960,0.000076
45864,0.000076
45777,0.000076
4570,0.000076
45697,0.000076
45624,0.000076
45602,0.000076
4558,0.000076
45463,0.000076
45438,0.000076
45413,0.000076
4534,0.000076
4530,0.000076
45226,0.000076
45220,0.000076
4517,0.000076
4516,0.000076
45164,0.000076
45136,0.000076
45050,0.000076
45038,0.000076
44981,0.000076
44965,0.000076
4476,0.000076
4471,0.000076
44711,0.000076
44704,0.000076
4464,0.000076
44628,0.000076
44616,0.000076
44541,0.000076
44505,0.000076
44479,0.000076
44431,0.000076
44410,0.000076
44380,0.000076
4433,0.000076
44200,0.000076
4418,0.000076
4415,0.000076
4414,0.000076
44119,0.000076
44101,0.000076
44004,0.000076
4388,0.000076
43868,0.000076
4384,0.000076
43823,0.000076
43734,0.000076
43690,0.000076
43654,0.000076
43425,0.000076
43242,0.000076
43231,0.000076
43212,0.000076
43143,0.000076
43139,0.000076
43103,0.000076
43027,0.000076
43018,0.000076
43002,0.000076
43000,0.000076
42990,0.000076
42906,0.000076
42735,0.000076
42685,0.000076
42679,0.000076
42675,0.000076
42632,0.000076
42590,0.000076
42575,0.000076
42560,0.000076
42559,0.000076
42452,0.000076
42449,0.000076
42322,0.000076
42276,0.000076
42251,0.000076
42158,0.000076
42127,0.000076
42035,0.000076
42001,0.000076
41808,0.000076
41773,0.000076
4174,0.000076
41632,0.000076
41551,0.000076
41442,0.000076
41398,0.000076
41348,0.000076
41345,0.000076
41342,0.000076
41318,0.000076
41281,0.000076
41250,0.000076
4120,0.000076
41142,0.000076
41123,0.000076
40951,0.000076
40834,0.000076
40812,0.000076
40754,0.000076
40732,0.000076
40712,0.000076
40628,0.000076
40614,0.000076
40513,0.000076
40489,0.000076
40457,0.000076
40400,0.000076
40393,0.000076
40306,0.000076
40011,0.000076
40005,0.000076
40003,0.000076
40002,0.000076
40001,0.000076
39917,0.000076
39895,0.000076
39883,0.000076
39869,0.000076
39795,0.000076
39774,0.000076
39763,0.000076
39732,0.000076
39630,0.000076
39489,0.000076
39482,0.000076
39433,0.000076
39380,0.000076
39293,0.000076
39265,0.000076
39117,0.000076
39067,0.000076
38936,0.000076
38805,0.000076
38780,0.000076
38764,0.000076
38761,0.000076
38570,0.000076
38561,0.000076
38546,0.000076
38481,0.000076
38446,0.000076
38358,0.000076
38331,0.000076
38313,0.000076
38270,0.000076
38224,0.000076
38205,0.000076
38194,0.000076
38029,0.000076
37855,0.000076
37789,0.000076
37777,0.000076
37674,0.000076
37647,0.000076
37614,0.000076
37607,0.000076
37522,0.000076
37393,0.000076
37218,0.000076
37185,0.000076
37174,0.000076
37151,0.000076
37121,0.000076
36983,0.000076
36962,0.000076
36950,0.000076
36914,0.000076
36824,0.000076
36823,0.000076
36748,0.000076
36710,0.000076
36694,0.000076
36677,0.000076
36659,0.000076
36552,0.000076
36530,0.000076
36508,0.000076
36436,0.000076
36368,0.000076
36275,0.000076
36256,0.000076
36105,0.000076
36104,0.000076
36046,0.000076
35986,0.000076
35929,0.000076
35906,0.000076
35901,0.000076
35900,0.000076
35879,0.000076
35731,0.000076
35593,0.000076
35553,0.000076
35506,0.000076
35401,0.000076
35393,0.000076
35392,0.000076
35349,0.000076
35272,0.000076
35217,0.000076
35131,0.000076
35116,0.000076
35050,0.000076
35033,0.000076
34875,0.000076
34833,0.000076
34783,0.000076
34765,0.000076
34728,0.000076
34683,0.000076
34510,0.000076
34507,0.000076
34401,0.000076
34381,0.000076
34341,0.000076
34317,0.000076
34189,0.000076
34096,0.000076
34036,0.000076
34021,0.000076
33895,0.000076
33889,0.000076
33882,0.000076
33879,0.000076
33841,0.000076
33605,0.000076
33604,0.000076
33550,0.000076
33523,0.000076
33522,0.000076
33444,0.000076
33395,0.000076
33367,0.000076
33337,0.000076
33335,0.000076
33327,0.000076
33277,0.000076
33203,0.000076
33200,0.000076
33192,0.000076
33175,0.000076
33124,0.000076
33087,0.000076
33070,0.000076
33017,0.000076
33011,0.000076
33000,0.000076
32976,0.000076
32961,0.000076
32960,0.000076
32944,0.000076
32932,0.000076
32911,0.000076
32910,0.000076
32908,0.000076
32905,0.000076
32904,0.000076
32898,0.000076
32897,0.000076
32888,0.000076
32871,0.000076
32869,0.000076
32868,0.000076
32858,0.000076
32842,0.000076
32837,0.000076
32820,0.000076
32815,0.000076
32814,0.000076
32807,0.000076
32799,0.000076
32798,0.000076
32797,0.000076
32790,0.000076
32789,0.000076
32788,0.000076
32765,0.000076
32764,0.000076
32261,0.000076
32260,0.000076
32219,0.000076
32200,0.000076
32102,0.000076
32088,0.000076
32031,0.000076
32022,0.000076
32006,0.000076
31728,0.000076
31657,0.000076
31522,0.000076
31438,0.000076
31386,0.000076
31339,0.000076
3121,0.000076
31072,0.000076
31058,0.000076
31033,0.000076
30896,0.000076
30705,0.000076
30659,0.000076
30644,0.000076
30599,0.000076
30519,0.000076
30299,0.000076
30195,0.000076
30087,0.000076
29810,0.000076
29507,0.000076
29243,0.000076
29152,0.000076
29045,0.000076
28967,0.000076
28924,0.000076
28851,0.000076
28850,0.000076
28717,0.000076
28567,0.000076
28374,0.000076
28142,0.000076
28114,0.000076
27770,0.000076
27537,0.000076
27521,0.000076
27372,0.000076
27351,0.000076
27350,0.000076
27316,0.000076
27204,0.000076
27087,0.000076
27075,0.000076
27074,0.000076
27055,0.000076
27016,0.000076
27015,0.000076
26972,0.000076
26669,0.000076
26417,0.000076
26340,0.000076
26007,0.000076
26001,0.000076
25847,0.000076
25717,0.000076
25703,0.000076
25486,0.000076
25473,0.000076
25445,0.000076
25327,0.000076
25288,0.000076
25262,0.000076
25260,0.000076
25174,0.000076
24999,0.000076
24616,0.000076
24552,0.000076
24416,0.000076
24392,0.000076
24218,0.000076
23953,0.000076
23887,0.000076
23723,0.000076
23451,0.000076
23430,0.000076
23382,0.000076
23342,0.000076
23296,0.000076
23270,0.000076
23228,0.000076
23219,0.000076
23040,0.000076
23017,0.000076
22969,0.000076
22959,0.000076
22882,0.000076
22769,0.000076
22727,0.000076
22719,0.000076
22711,0.000076
22563,0.000076
22341,0.000076
22290,0.000076
22223,0.000076
22200,0.000076
22177,0.000076
22100,0.000076
22063,0.000076
22022,0.000076
21915,0.000076
21891,0.000076
21728,0.000076
21634,0.000076
21631,0.000076
21473,0.000076
21078,0.000076
21011,0.000076
20990,0.000076
20940,0.000076
20934,0.000076
20883,0.000076
20734,0.000076
20473,0.000076
20280,0.000076
20228,0.000076
20227,0.000076
20226,0.000076
20225,0.000076
20224,0.000076
20223,0.000076
20180,0.000076
20179,0.000076
20147,0.000076
20127,0.000076
20125,0.000076
20118,0.000076
20111,0.000076
20106,0.000076
20102,0.000076
20089,0.000076
20085,0.000076
20080,0.000076
20076,0.000076
20052,0.000076
20039,0.000076
20032,0.000076
20021,0.000076
20017,0.000076
20011,0.000076
19996,0.000076
19995,0.000076
19852,0.000076
19715,0.000076
19634,0.000076
19612,0.000076
19501,0.000076
19464,0.000076
19403,0.000076
19353,0.000076
19201,0.000076
19200,0.000076
19130,0.000076
19010,0.000076
18962,0.000076
18910,0.000076
18887,0.000076
18874,0.000076
18669,0.000076
18569,0.000076
18517,0.000076
18505,0.000076
18439,0.000076
18380,0.000076
18337,0.000076
18336,0.000076
18231,0.000076
18148,0.000076
18080,0.000076
18015,0.000076
18012,0.000076
17997,0.000076
17985,0.000076
17969,0.000076
17867,0.000076
17860,0.000076
17802,0.000076
17801,0.000076
17715,0.000076
17702,0.000076
17701,0.000076
17700,0.000076
1753,0.000076
17413,0.000076
17409,0.000076
17255,0.000076
17251,0.000076
17129,0.000076
17089,0.000076
17070,0.000076
17017,0.000076
17016,0.000076
16901,0.000076
16845,0.000076
16797,0.000076
16725,0.000076
16724,0.000076
16723,0.000076
16464,0.000076
16372,0.000076
16349,0.000076
16297,0.000076
16286,0.000076
16283,0.000076
16273,0.000076
16270,0.000076
16048,0.000076
15915,0.000076
15758,0.000076
15730,0.000076
15722,0.000076
15677,0.000076
15670,0.000076
15646,0.000076
15645,0.000076
15631,0.000076
15550,0.000076
15448,0.000076
15344,0.000076
15317,0.000076
15275,0.000076
15191,0.000076
15190,0.000076
15145,0.000076
15050,0.000076
15005,0.000076
14916,0.000076
14891,0.000076
14827,0.000076
14733,0.000076
14693,0.000076
14545,0.000076
14534,0.000076
14444,0.000076
14443,0.000076
14418,0.000076
14254,0.000076
14237,0.000076
14218,0.000076
14147,0.000076
13899,0.000076
13846,0.000076
13784,0.000076
13766,0.000076
13730,0.000076
13723,0.000076
13695,0.000076
13580,0.000076
13502,0.000076
13359,0.000076
13340,0.000076
13318,0.000076
13306,0.000076
13265,0.000076
13264,0.000076
13261,0.000076
13250,0.000076
13229,0.000076
13194,0.000076
13193,0.000076
13192,0.000076
13188,0.000076
13167,0.000076
13149,0.000076
13142,0.000076
13140,0.000076
13132,0.000076
13130,0.000076
13093,0.000076
13017,0.000076
12962,0.000076
12955,0.000076
12892,0.000076
12891,0.000076
12865,0.000076
12766,0.000076
12702,0.000076
12699,0.000076
12414,0.000076
12340,0.000076
12296,0.000076
12275,0.000076
12271,0.000076
12251,0.000076
12243,0.000076
12240,0.000076
12225,0.000076
12192,0.000076
12171,0.000076
12156,0.000076
12146,0.000076
12137,0.000076
12132,0.000076
12097,0.000076
12096,0.000076
12090,0.000076
12080,0.000076
12077,0.000076
12034,0.000076
12031,0.000076
12019,0.000076
12009,0.000076
11940,0.000076
11863,0.000076
11862,0.000076
11813,0.000076
11735,0.000076
11697,0.000076
11552,0.000076
11401,0.000076
11296,0.000076
11288,0.000076
11250,0.000076
11224,0.000076
11200,0.000076
11180,0.000076
11100,0.000076
11089,0.000076
11033,0.000076
11032,0.000076
11031,0.000076
11026,0.000076
11019,0.000076
11007,0.000076
11003,0.000076
10900,0.000076
10878,0.000076
10852,0.000076
10842,0.000076
10754,0.000076
10699,0.000076
10602,0.000076
10601,0.000076
10567,0.000076
10565,0.000076
10556,0.000076
10555,0.000076
10554,0.000076
10553,0.000076
10552,0.000076
10551,0.000076
10550,0.000076
10535,0.000076
10529,0.000076
10509,0.000076
10500,0.000076
10494,0.000076
10443,0.000076
10414,0.000076
10387,0.000076
10357,0.000076
10347,0.000076
10338,0.000076
10280,0.000076
10255,0.000076
10246,0.000076
10245,0.000076
10238,0.000076
10093,0.000076
10064,0.000076
10045,0.000076
10042,0.000076
10035,0.000076
10020,0.000076
10019,0.000076
10018,0.000076
10006,0.000076
2700,0.000076
1584,0.000076
1250,0.000076
1607,0.000076
1736,0.000076
3080,0.000076
1303,0.000076
1251,0.000076
1297,0.000076
8401,0.000076
2101,0.000076
1694,0.000076
1730,0.000076
1912,0.000076
1745,0.000076
2250,0.000076
4007,0.000076
1711,0.000076
1598,0.000076
1305,0.000076
1622,0.000076
1683,0.000076
3063,0.000076
3062,0.000076
1261,0.000076
5969,0.000076
2031,0.000076
21201,0.000076
2908,0.000076
3023,0.000076
7099,0.000076
1701,0.000076
1318,0.000076
1339,0.000076
1276,0.000076
48619,0.000076
1331,0.000076
2987,0.000076
25001,0.000076
25000,0.000076
1792,0.000076
1299,0.000076
1715,0.000076
1703,0.000076
1677,0.000076
1708,0.000076
5502,0.000076
1620,0.000076
1569,0.000076
1691,0.000076
9909,0.000076
1324,0.000076
2584,0.000076
2806,0.000076
1592,0.000076
1709,0.000076
2418,0.000076
3146,0.000076
2812,0.000076
9161,0.000076
9160,0.000076
2456,0.000076
8403,0.000076
400,0.000075
22273,0.000075
7005,0.000075
32786,0.000075
32787,0.000075
706,0.000075
635,0.000075
66,0.000075
47,0.000075
830,0.000075
4008,0.000075
5977,0.000075
1444,0.000075
3985,0.000075
678,0.000075
27001,0.000075
591,0.000075
642,0.000075
1989,0.000075
1441,0.000075
31416,0.000075
54320,0.000075
11,0.000075
769,0.000075
983,0.000075
979,0.000075
973,0.000075
967,0.000075
965,0.000075
961,0.000075
942,0.000075
935,0.000075
926,0.000075
925,0.000075
914,0.000075
863,0.000075
858,0.000075
844,0.000075
834,0.000075
817,0.000075
815,0.000075
811,0.000075
809,0.000075
789,0.000075
779,0.000075
743,0.000075
1019,0.000075
1507,0.000075
1492,0.000075
509,0.000075
762,0.000075
5632,0.000075
6105,0.000075
578,0.000075
446,0.000075
1495,0.000075
5308,0.000075
52,0.000063
682,0.000063
219,0.000063
525,0.000063
1420,0.000063
665,0.000063
3045,0.000063
620,0.000063
3398,0.000063
653,0.000063
158,0.000063
861,0.000063
1366,0.000063
1364,0.000063
833,0.000063
91,0.000063
750,0.000063
9991,0.000063
860,0.000063
615,0.000063
695,0.000063
6110,0.000063
101,0.000063
989,0.000063
27010,0.000063
510,0.000063
810,0.000063
4199,0.000063
3064,0.000063
76,0.000063
847,0.000063
68,0.000063
3049,0.000063
603,0.000063
1139,0.000063
649,0.000063
707,0.000063
449,0.000063
75,0.000063
104,0.000063
629,0.000063
1652,0.000063
577,0.000063
985,0.000063
984,0.000063
974,0.000063
958,0.000063
952,0.000063
949,0.000063
946,0.000063
923,0.000063
916,0.000063
899,0.000063
897,0.000063
894,0.000063
889,0.000063
835,0.000063
824,0.000063
814,0.000063
807,0.000063
804,0.000063
798,0.000063
733,0.000063
727,0.000063
716,0.000063
237,0.000063
12,0.000063
10,0.000063
501,0.000063
122,0.000063
440,0.000063
664,0.000063
771,0.000063
1663,0.000063
828,0.000063
634,0.000063
538,0.000063
1359,0.000063
1358,0.000063
1680,0.000063
1517,0.000050
1370,0.000050
3900,0.000050
492,0.000050
268,0.000050
658,0.000050
27374,0.000050
605,0.000050
8076,0.000050
1178,0.000050
3086,0.000050
5232,0.000050
6401,0.000050
696,0.000050
50,0.000050
2120,0.000050
5400,0.000050
1349,0.000050
630,0.000050
7597,0.000050
663,0.000050
1445,0.000050
1402,0.000050
1465,0.000050
627,0.000050
4660,0.000050
950,0.000050
1384,0.000050
1388,0.000050
92,0.000050
831,0.000050
5978,0.000050
45,0.000050
112,0.000050
760,0.000050
761,0.000050
1214,0.000050
702,0.000050
6665,0.000050
1404,0.000050
651,0.000050
9104,0.000050
661,0.000050
5300,0.000050
6347,0.000050
4557,0.000050
1389,0.000050
647,0.000050
7273,0.000050
448,0.000050
1356,0.000050
1484,0.000050
1991,0.000050
1988,0.000050
673,0.000050
1400,0.000050
1399,0.000050
221,0.000050
1385,0.000050
5191,0.000050
1346,0.000050
2024,0.000050
2430,0.000050
988,0.000050
962,0.000050
948,0.000050
945,0.000050
941,0.000050
938,0.000050
936,0.000050
929,0.000050
927,0.000050
919,0.000050
906,0.000050
883,0.000050
881,0.000050
875,0.000050
872,0.000050
870,0.000050
866,0.000050
855,0.000050
851,0.000050
850,0.000050
841,0.000050
836,0.000050
826,0.000050
820,0.000050
819,0.000050
816,0.000050
813,0.000050
791,0.000050
745,0.000050
736,0.000050
735,0.000050
724,0.000050
719,0.000050
343,0.000050
334,0.000050
300,0.000050
28,0.000050
249,0.000050
230,0.000050
16,0.000050
1018,0.000050
1016,0.000050
450,0.000050
2014,0.000050
2018,0.000050
1474,0.000050
1651,0.000050
5145,0.000050
2307,0.000050
1552,0.000050
609,0.000050
741,0.000050
353,0.000050
638,0.000050
456,0.000050
1551,0.000050
491,0.000050
640,0.000050
507,0.000050
1523,0.000050
632,0.000050
6143,0.000038
676,0.000038
670,0.000038
182,0.000038
69,0.000038
27665,0.000038
1475,0.000038
97,0.000038
656,0.000038
633,0.000038
3397,0.000038
560,0.000038
1354,0.000038
799,0.000038
7009,0.000038
628,0.000038
4480,0.000038
1403,0.000038
8123,0.000038
11371,0.000038
1527,0.000038
723,0.000038
1466,0.000038
689,0.000038
991,0.000038
832,0.000038
137,0.000038
1348,0.000038
3292,0.000038
685,0.000038
1762,0.000038
751,0.000038
994,0.000038
194,0.000038
180,0.000038
1539,0.000038
1379,0.000038
51,0.000038
886,0.000038
1405,0.000038
692,0.000038
9107,0.000038
9106,0.000038
9105,0.000038
1401,0.000038
1369,0.000038
402,0.000038
103,0.000038
1372,0.000038
8892,0.000038
704,0.000038
675,0.000038
47557,0.000038
624,0.000038
1387,0.000038
622,0.000038
1996,0.000038
1995,0.000038
1997,0.000038
18182,0.000038
18184,0.000038
3264,0.000038
6701,0.000038
13720,0.000038
14141,0.000038
201,0.000038
1381,0.000038
654,0.000038
35,0.000038
6588,0.000038
2064,0.000038
5530,0.000038
214,0.000038
3141,0.000038
970,0.000038
968,0.000038
964,0.000038
963,0.000038
960,0.000038
959,0.000038
951,0.000038
947,0.000038
944,0.000038
939,0.000038
933,0.000038
909,0.000038
895,0.000038
891,0.000038
879,0.000038
869,0.000038
868,0.000038
867,0.000038
854,0.000038
837,0.000038
821,0.000038
812,0.000038
797,0.000038
796,0.000038
794,0.000038
788,0.000038
756,0.000038
734,0.000038
721,0.000038
718,0.000038
708,0.000038
703,0.000038
60,0.000038
40,0.000038
253,0.000038
231,0.000038
14,0.000038
1017,0.000038
1003,0.000038
975,0.000038
2026,0.000038
4500,0.000038
1497,0.000038
553,0.000038
511,0.000038
611,0.000038
1486,0.000038
1650,0.000038
1668,0.000038
1664,0.000038
15,0.000038
561,0.000038
997,0.000038
505,0.000038
1496,0.000038
637,0.000038
213,0.000038
1412,0.000038
1515,0.000038
1435,0.000038
694,0.000038
681,0.000038
680,0.000038
644,0.000038
2015,0.000038
1467,0.000038
454,0.000038
1476,0.000038
1373,0.000038
770,0.000038
262,0.000038
1535,0.000038
58,0.000025
177,0.000025
26208,0.000025
672,0.000025
677,0.000025
1519,0.000025
1398,0.000025
3457,0.000025
697,0.000025
401,0.000025
604,0.000025
412,0.000025
493,0.000025
9051,0.000025
13713,0.000025
94,0.000025
712,0.000025
871,0.000025
1390,0.000025
6145,0.000025
133,0.000025
362,0.000025
118,0.000025
193,0.000025
115,0.000025
1549,0.000025
7008,0.000025
608,0.000025
6400,0.000025
1436,0.000025
1426,0.000025
38,0.000025
74,0.000025
73,0.000025
71,0.000025
601,0.000025
645,0.000025
136,0.000025
1529,0.000025
4144,0.000025
1827,0.000025
129,0.000025
3531,0.000025
16444,0.000025
1446,0.000025
698,0.000025
4132,0.000025
308,0.000025
1365,0.000025
1393,0.000025
1394,0.000025
2627,0.000025
138,0.000025
5997,0.000025
397,0.000025
29,0.000025
31,0.000025
44,0.000025
6147,0.000025
1510,0.000025
568,0.000025
350,0.000025
6146,0.000025
1763,0.000025
399,0.000025
1355,0.000025
1454,0.000025
261,0.000025
887,0.000025
200,0.000025
1376,0.000025
1424,0.000025
6111,0.000025
1410,0.000025
1409,0.000025
686,0.000025
5301,0.000025
5302,0.000025
848,0.000025
1513,0.000025
747,0.000025
1499,0.000025
7006,0.000025
1439,0.000025
1438,0.000025
196,0.000025
93,0.000025
410,0.000025
619,0.000025
1992,0.000025
1990,0.000025
1994,0.000025
1986,0.000025
1386,0.000025
18183,0.000025
18181,0.000025
6700,0.000025
1442,0.000025
95,0.000025
1432,0.000025
1548,0.000025
1422,0.000025
114,0.000025
1397,0.000025
6142,0.000025
688,0.000025
206,0.000025
202,0.000025
204,0.000025
8770,0.000025
626,0.000025
1483,0.000025
7634,0.000025
699,0.000025
2023,0.000025
776,0.000025
1498,0.000025
1545,0.000025
2431,0.000025
982,0.000025
978,0.000025
972,0.000025
966,0.000025
957,0.000025
956,0.000025
934,0.000025
920,0.000025
915,0.000025
908,0.000025
907,0.000025
892,0.000025
890,0.000025
885,0.000025
884,0.000025
882,0.000025
877,0.000025
876,0.000025
865,0.000025
857,0.000025
853,0.000025
852,0.000025
849,0.000025
842,0.000025
838,0.000025
827,0.000025
818,0.000025
793,0.000025
785,0.000025
784,0.000025
755,0.000025
746,0.000025
738,0.000025
737,0.000025
717,0.000025
34,0.000025
336,0.000025
325,0.000025
303,0.000025
276,0.000025
273,0.000025
236,0.000025
235,0.000025
233,0.000025
181,0.000025
1362,0.000025
1437,0.000025
486,0.000025
2027,0.000025
1537,0.000025
1368,0.000025
774,0.000025
1531,0.000025
65301,0.000025
260,0.000025
536,0.000025
764,0.000025
607,0.000025
1667,0.000025
1662,0.000025
1661,0.000025
1493,0.000025
404,0.000025
6544,0.000025
1528,0.000025
224,0.000025
2053,0.000025
418,0.000025
176,0.000025
315,0.000025
466,0.000025
403,0.000025
1456,0.000025
1479,0.000025
355,0.000025
462,0.000025
763,0.000025
1472,0.000025
453,0.000025
759,0.000025
437,0.000025
2432,0.000025
120,0.000025
415,0.000025
1544,0.000025
422,0.000025
1511,0.000025
1538,0.000025
346,0.000013
54,0.000013
56,0.000013
1462,0.000013
13701,0.000013
1518,0.000013
1457,0.000013
117,0.000013
1470,0.000013
571,0.000013
13715,0.000013
13714,0.000013
209,0.000013
267,0.000013
1419,0.000013
1418,0.000013
380,0.000013
518,0.000013
65,0.000013
2766,0.000013
391,0.000013
392,0.000013
1391,0.000013
614,0.000013
1408,0.000013
162,0.000013
108,0.000013
1502,0.000013
598,0.000013
643,0.000013
487,0.000013
322,0.000013
530,0.000013
1509,0.000013
72,0.000013
4672,0.000013
189,0.000013
7464,0.000013
408,0.000013
191,0.000013
1459,0.000013
5714,0.000013
5717,0.000013
5713,0.000013
564,0.000013
767,0.000013
583,0.000013
662,0.000013
1395,0.000013
192,0.000013
1448,0.000013
4133,0.000013
1416,0.000013
1458,0.000013
526,0.000013
1363,0.000013
742,0.000013
1464,0.000013
1427,0.000013
1482,0.000013
569,0.000013
6141,0.000013
351,0.000013
3984,0.000013
5490,0.000013
2,0.000013
13718,0.000013
373,0.000013
17300,0.000013
2108,0.000013
910,0.000013
7326,0.000013
423,0.000013
1451,0.000013
1430,0.000013
1429,0.000013
781,0.000013
383,0.000013
2564,0.000013
613,0.000013
612,0.000013
652,0.000013
5303,0.000013
1383,0.000013
128,0.000013
19150,0.000013
1453,0.000013
190,0.000013
1505,0.000013
1371,0.000013
533,0.000013
27009,0.000013
27007,0.000013
27005,0.000013
27003,0.000013
27002,0.000013
744,0.000013
1423,0.000013
1374,0.000013
141,0.000013
1440,0.000013
1396,0.000013
352,0.000013
96,0.000013
48,0.000013
67,0.000013
570,0.000013
618,0.000013
1407,0.000013
217,0.000013
528,0.000013
148,0.000013
452,0.000013
451,0.000013
132,0.000013
1993,0.000013
1987,0.000013
130,0.000013
18187,0.000013
3421,0.000013
142,0.000013
13721,0.000013
15151,0.000013
1411,0.000013
205,0.000013
124,0.000013
116,0.000013
5193,0.000013
258,0.000013
485,0.000013
599,0.000013
149,0.000013
1469,0.000013
216,0.000013
173,0.000013
2019,0.000013
516,0.000013
986,0.000013
977,0.000013
976,0.000013
955,0.000013
954,0.000013
937,0.000013
932,0.000013
8,0.000013
896,0.000013
893,0.000013
845,0.000013
768,0.000013
766,0.000013
739,0.000013
337,0.000013
329,0.000013
326,0.000013
305,0.000013
295,0.000013
294,0.000013
293,0.000013
289,0.000013
288,0.000013
277,0.000013
271,0.000013
270,0.000013
238,0.000013
234,0.000013
229,0.000013
228,0.000013
226,0.000013
522,0.000013
2028,0.000013
773,0.000013
150,0.000013
572,0.000013
413,0.000013
596,0.000013
420,0.000013
460,0.000013
1543,0.000013
358,0.000013
361,0.000013
470,0.000013
360,0.000013
457,0.000013
582,0.000013
168,0.000013
753,0.000013
369,0.000013
185,0.000013
43188,0.000013
1541,0.000013
1540,0.000013
752,0.000013
6548,0.000013
496,0.000013
1449,0.000013
1480,0.000013
1473,0.000013
184,0.000013
428,0.000013
1672,0.000013
1671,0.000013
1670,0.000013
435,0.000013
434,0.000013
1532,0.000013
1360,0.000013
4987,0.000013
265,0.000013
174,0.000013
480,0.000013
472,0.000013
1361,0.000013
17007,0.000013
414,0.000013
535,0.000013
432,0.000013
479,0.000013
473,0.000013
151,0.000013
1542,0.000013
775,0.000013
438,0.000013
1488,0.000013
1508,0.000013
552,0.000013
316,0.000013
1367,0.000013
439,0.000013
284,0.000013
542,0.000013
370,0.000013
2016,0.000013
248,0.000013
364,0.000013
1491,0.000013
